137
-286.079 94.9444 26
-286.881 96.2753 26
-287.841 97.5606 26
-288.938 98.8047 26
-290.15 100.012 26
-291.456 101.187 26
-292.833 102.333 26
-294.262 103.456 26
-295.72 104.56 26
-297.185 105.648 26
-298.637 106.726 26
-300.053 107.797 26
-301.413 108.867 26
-302.695 109.939 26
-303.877 111.018 26
-304.938 112.108 26
-305.857 113.214 26
-306.611 114.339 26
-307.18 115.489 26
-307.542 116.668 26
-307.675 117.879 26
-307.559 119.128 26
-307.171 120.419 26
-306.785 121.243 26
-306.301 122.061 26
-305.733 122.845 26
-305.099 123.572 26
-304.413 124.217 26
-303.326 124.983 26
-302.168 125.528 26
-300.945 125.868 26
-299.666 126.022 26
-298.336 126.004 26
-296.965 125.833 26
-295.558 125.525 26
-294.123 125.097 26
-292.668 124.566 26
-291.2 123.948 26
-289.725 123.261 26
-288.252 122.522 26
-286.788 121.747 26
-285.34 120.953 26
-283.914 120.158 26
-282.409 119.313 26
-280.939 118.482 26
-279.503 117.663 26
-278.099 116.853 26
-276.728 116.049 26
-275.387 115.247 26
-274.077 114.446 26
-272.796 113.643 26
-271.544 112.834 26
-270.32 112.017 26
-269.122 111.188 26
-267.95 110.346 26
-266.803 109.487 26
-265.679 108.608 26
-264.58 107.707 26
-263.502 106.78 26
-262.446 105.826 26
-261.41 104.84 26
-260.394 103.82 26
-259.397 102.764 26
-258.49 101.751 26
-257.601 100.704 26
-256.735 99.6248 26
-255.895 98.5139 26
-255.085 97.3721 26
-254.308 96.2001 26
-253.567 94.9986 26
-252.867 93.7685 26
-252.211 92.5106 26
-251.603 91.2255 26
-251.045 89.914 26
-250.542 88.5769 26
-250.098 87.215 26
-249.715 85.8291 26
-249.397 84.4198 26
-249.157 83.0473 26
-248.984 81.6614 26
-248.883 80.2696 26
-248.856 78.8792 26
-248.909 77.4979 26
-249.044 76.133 26
-249.265 74.7919 26
-249.578 73.4821 26
-249.984 72.211 26
-250.489 70.9862 26
-251.096 69.815 26
-251.811 68.6983 26
-252.626 67.645 26
-253.532 66.6566 26
-254.522 65.7349 26
-255.588 64.8814 26
-256.724 64.0979 26
-257.921 63.3861 26
-259.171 62.7476 26
-260.467 62.184 26
-261.802 61.6971 26
-263.167 61.2885 26
-264.519 60.9681 26
-265.883 60.7304 26
-267.249 60.5824 26
-268.607 60.531 26
-269.946 60.5831 26
-271.259 60.7457 26
-272.533 61.0257 26
-273.76 61.4301 26
-274.929 61.9658 26
-276.03 62.6353 26
-277.062 63.4285 26
-278.022 64.3315 26
-278.907 65.3302 26
-279.715 66.4107 26
-280.444 67.559 26
-281.091 68.7612 26
-281.655 70.0033 26
-282.132 71.2713 26
-282.549 72.6483 26
-282.877 74.0366 26
-283.128 75.4341 26
-283.317 76.8387 26
-283.455 78.2482 26
-283.556 79.6605 26
-283.634 81.0734 26
-283.7 82.4849 26
-283.769 83.8927 26
-283.853 85.2949 26
-283.965 86.6892 26
-284.118 88.0735 26
-284.326 89.4456 26
-284.601 90.8035 26
-284.956 92.1451 26
-285.185 92.8575 26
-285.446 93.5627 26
-285.742 94.2588 26
-286.079 94.9444 26
