348
-236.993 -46.2782 0
-239.833 -44.5061 0
-242.699 -42.741 0
-245.597 -41.0172 0
-248.533 -39.3694 0
-251.514 -37.8321 0
-254.547 -36.4397 0
-257.639 -35.2268 0
-260.797 -34.2278 0
-264.026 -33.4774 0
-268.033 -32.9283 0
-272.13 -32.7177 0
-276.292 -32.7683 0
-280.496 -33.0028 0
-284.718 -33.3437 0
-288.933 -33.7138 0
-293.117 -34.0358 0
-297.247 -34.2323 0
-301.299 -34.226 0
-305.248 -33.9397 0
-309.07 -33.2959 0
-312.742 -32.2174 0
-316.239 -30.6268 0
-319.148 -28.7628 0
-321.88 -26.4959 0
-324.413 -23.8775 0
-326.723 -20.9588 0
-328.789 -17.7913 0
-330.586 -14.4264 0
-332.093 -10.9155 0
-333.287 -7.30988 0
-334.144 -3.66096 0
-334.642 -0.0201216 0
-334.758 3.56125 0
-334.425 7.41722 0
-333.643 11.1492 0
-332.462 14.7707 0
-330.929 18.295 0
-329.096 21.7357 0
-327.011 25.1062 0
-324.723 28.4199 0
-322.282 31.6903 0
-319.737 34.9308 0
-317.137 38.1548 0
-314.532 41.3757 0
-311.971 44.6071 0
-309.504 47.8624 0
-307.462 50.7125 0
-305.483 53.5605 0
-303.521 56.3771 0
-301.531 59.1328 0
-299.467 61.7983 0
-297.283 64.3442 0
-294.934 66.7411 0
-292.392 68.9591 0
-289.667 70.9949 0
-286.782 72.845 0
-283.762 74.5058 0
-280.632 75.9737 0
-277.417 77.2452 0
-274.141 78.3168 0
-270.813 79.1903 0
-267.455 79.8725 0
-264.073 80.378 0
-260.671 80.7215 0
-257.254 80.9175 0
-253.827 80.9808 0
-250.396 80.926 0
-246.956 80.7638 0
-243.524 80.4942 0
-240.107 80.1148 0
-236.709 79.623 0
-233.337 79.0163 0
-229.996 78.2922 0
-226.692 77.4481 0
-222.711 76.2532 0
-218.791 74.8911 0
-214.925 73.3785 0
-211.106 71.7318 0
-207.33 69.9674 0
-203.589 68.1018 0
-199.878 66.1515 0
-196.191 64.1329 0
-192.522 62.0625 0
-188.865 59.9567 0
-185.213 57.8321 0
-181.56 55.705 0
-177.902 53.5921 0
-174.23 51.5096 0
-170.54 49.4741 0
-166.826 47.5021 0
-163.08 45.61 0
-159.298 43.8142 0
-155.473 42.1313 0
-151.599 40.5777 0
-147.993 39.2752 0
-144.345 38.0907 0
-140.659 37.0191 0
-136.938 36.0555 0
-133.186 35.1949 0
-129.406 34.4322 0
-125.602 33.7624 0
-121.778 33.1804 0
-117.937 32.6813 0
-114.082 32.2601 0
-110.218 31.9116 0
-106.347 31.631 0
-102.473 31.4131 0
-98.6006 31.253 0
-94.2681 31.1368 0
-89.942 31.084 0
-85.6218 31.0918 0
-81.3072 31.1575 0
-76.9979 31.2781 0
-72.6937 31.4511 0
-68.3942 31.6735 0
-64.099 31.9426 0
-59.808 32.2557 0
-55.5207 32.6098 0
-51.2368 33.0023 0
-46.9561 33.4303 0
-42.6782 33.8911 0
-38.4027 34.3819 0
-34.1295 34.8999 0
-29.8582 35.4423 0
-25.5884 36.0063 0
-21.3199 36.5891 0
-17.0523 37.188 0
-12.7853 37.8002 0
-8.51868 38.4228 0
-4.25203 39.0532 0
0.0149501 39.6885 0
4.28256 40.3259 0
8.55111 40.9626 0
12.8209 41.5959 0
17.0923 42.223 0
21.3656 42.841 0
25.641 43.4473 0
29.6221 43.9987 0
33.6045 44.5354 0
37.588 45.0552 0
41.5727 45.5558 0
45.5585 46.035 0
49.5453 46.4904 0
53.5333 46.9198 0
57.5222 47.3209 0
61.5121 47.6914 0
65.503 48.0291 0
69.4947 48.3317 0
73.4874 48.5969 0
77.4808 48.8224 0
81.4751 49.006 0
85.4701 49.1453 0
89.5804 49.241 0
93.6906 49.2895 0
97.8006 49.2924 0
101.911 49.251 0
106.021 49.1669 0
110.132 49.0416 0
114.243 48.8766 0
118.355 48.6734 0
122.468 48.4336 0
126.582 48.1585 0
130.697 47.8498 0
134.813 47.5089 0
138.931 47.1373 0
143.05 46.7365 0
147.17 46.3081 0
151.293 45.8535 0
155.417 45.3742 0
159.544 44.8718 0
162.776 44.4612 0
166.004 44.0251 0
169.221 43.5505 0
172.424 43.0247 0
175.607 42.4346 0
178.764 41.7674 0
181.892 41.0101 0
184.983 40.1499 0
188.034 39.1738 0
191.467 37.9034 0
194.837 36.4689 0
198.142 34.8733 0
201.381 33.1194 0
204.553 31.2103 0
207.654 29.1488 0
210.684 26.9379 0
213.642 24.5806 0
216.524 22.0798 0
218.71 20.035 0
220.81 17.9068 0
222.785 15.6956 0
224.598 13.402 0
226.209 11.0268 0
227.579 8.57047 0
228.671 6.0336 0
229.652 2.55321 0
230.163 -1.04763 0
230.291 -4.75109 0
230.127 -8.53934 0
229.757 -12.3946 0
229.271 -16.2989 0
228.755 -20.2346 0
228.3 -24.1838 0
227.992 -28.1286 0
227.92 -32.0513 0
228.11 -35.5801 0
228.491 -39.0778 0
228.986 -42.5476 0
229.521 -45.9928 0
230.018 -49.4166 0
230.401 -52.8223 0
230.595 -56.2132 0
230.523 -59.5924 0
230.134 -62.9227 0
229.45 -66.2359 0
228.509 -69.5247 0
227.349 -72.7819 0
226.008 -76.0002 0
224.525 -79.1726 0
222.938 -82.2918 0
221.28 -85.3466 0
219.548 -88.3334 0
217.734 -91.2465 0
215.828 -94.0801 0
213.822 -96.8284 0
211.706 -99.4856 0
209.472 -102.046 0
207.182 -104.436 0
204.782 -106.727 0
202.28 -108.92 0
199.684 -111.015 0
197.004 -113.011 0
194.248 -114.908 0
191.425 -116.707 0
188.543 -118.408 0
185.611 -120.01 0
182.17 -121.74 0
178.678 -123.345 0
175.139 -124.832 0
171.558 -126.21 0
167.938 -127.485 0
164.282 -128.666 0
160.595 -129.76 0
156.88 -130.776 0
153.141 -131.721 0
149.382 -132.602 0
145.606 -133.427 0
141.817 -134.205 0
138.02 -134.943 0
134.217 -135.648 0
129.909 -136.415 0
125.601 -137.151 0
121.291 -137.854 0
116.98 -138.527 0
112.668 -139.169 0
108.354 -139.781 0
104.039 -140.363 0
99.7225 -140.915 0
95.4046 -141.438 0
91.0852 -141.932 0
86.7643 -142.397 0
82.4419 -142.835 0
78.118 -143.244 0
73.7924 -143.626 0
69.4653 -143.981 0
65.1365 -144.309 0
60.8061 -144.611 0
56.474 -144.887 0
52.1402 -145.137 0
47.8046 -145.362 0
43.4673 -145.562 0
39.1282 -145.737 0
34.7873 -145.888 0
30.4445 -146.016 0
26.0998 -146.12 0
21.7533 -146.2 0
17.4048 -146.258 0
13.0543 -146.294 0
8.70189 -146.307 0
4.57526 -146.3 0
0.448252 -146.27 0
-3.67853 -146.215 0
-7.80449 -146.132 0
-11.929 -146.02 0
-16.0515 -145.874 0
-20.1713 -145.693 0
-24.2879 -145.474 0
-28.4006 -145.214 0
-32.5088 -144.91 0
-36.612 -144.561 0
-40.7095 -144.162 0
-44.8007 -143.712 0
-48.885 -143.208 0
-52.9618 -142.647 0
-57.0305 -142.027 0
-61.1985 -141.326 0
-65.3555 -140.561 0
-69.5011 -139.732 0
-73.6349 -138.841 0
-77.7562 -137.889 0
-81.8647 -136.877 0
-85.9597 -135.805 0
-90.0408 -134.675 0
-94.1074 -133.488 0
-98.1591 -132.245 0
-102.195 -130.947 0
-106.216 -129.594 0
-110.22 -128.188 0
-114.207 -126.731 0
-118.176 -125.222 0
-122.127 -123.663 0
-126.06 -122.054 0
-129.757 -120.491 0
-133.432 -118.882 0
-137.084 -117.226 0
-140.709 -115.519 0
-144.306 -113.759 0
-147.871 -111.943 0
-151.402 -110.069 0
-154.896 -108.134 0
-158.351 -106.134 0
-161.763 -104.069 0
-165.131 -101.934 0
-168.451 -99.7271 0
-171.888 -97.3295 0
-175.273 -94.8589 0
-178.615 -92.3241 0
-181.917 -89.7338 0
-185.187 -87.0967 0
-188.431 -84.4216 0
-191.654 -81.7172 0
-194.863 -78.9922 0
-198.063 -76.2554 0
-201.261 -73.5155 0
-204.463 -70.7813 0
-207.675 -68.0615 0
-210.902 -65.3649 0
-214.152 -62.7001 0
-217.43 -60.0759 0
-220.741 -57.5011 0
-224.093 -54.9843 0
-227.491 -52.5344 0
-230.942 -50.1601 0
-234.45 -47.87 0
-235.295 -47.3375 0
-236.143 -46.8079 0
-236.993 -46.2782 0
