234
37.6613 -284.706 -41.9991
36.3063 -283.011 -41.9991
35.2215 -281.087 -41.9991
34.4033 -278.99 -41.9991
33.8484 -276.776 -41.9991
33.5532 -274.503 -41.9991
33.5142 -272.227 -41.9991
33.7278 -270.004 -41.9991
34.1907 -267.892 -41.9991
35.0524 -265.59 -41.9991
36.226 -263.499 -41.9991
37.6778 -261.595 -41.9991
39.3742 -259.855 -41.9991
41.2816 -258.256 -41.9991
43.3662 -256.774 -41.9991
45.5945 -255.385 -41.9991
47.9328 -254.065 -41.9991
50.3474 -252.792 -41.9991
52.8048 -251.542 -41.9991
55.2712 -250.291 -41.9991
57.7131 -249.016 -41.9991
60.0967 -247.693 -41.9991
62.3885 -246.299 -41.9991
64.5547 -244.81 -41.9991
66.5618 -243.202 -41.9991
68.3761 -241.453 -41.9991
69.935 -239.595 -41.9991
71.2929 -237.594 -41.9991
72.4641 -235.466 -41.9991
73.4624 -233.225 -41.9991
74.3022 -230.886 -41.9991
74.9974 -228.462 -41.9991
75.5622 -225.968 -41.9991
76.0106 -223.419 -41.9991
76.3568 -220.83 -41.9991
76.6149 -218.215 -41.9991
76.7989 -215.587 -41.9991
76.9231 -212.963 -41.9991
77.0065 -210 -41.9991
77.0345 -207.059 -41.9991
77.0107 -204.138 -41.9991
76.9389 -201.236 -41.9991
76.8226 -198.353 -41.9991
76.6655 -195.487 -41.9991
76.4713 -192.637 -41.9991
76.2437 -189.802 -41.9991
75.9863 -186.98 -41.9991
75.7027 -184.17 -41.9991
75.3967 -181.371 -41.9991
75.0718 -178.583 -41.9991
74.7317 -175.803 -41.9991
74.3802 -173.031 -41.9991
74.0208 -170.265 -41.9991
73.6572 -167.505 -41.9991
73.2931 -164.749 -41.9991
72.9321 -161.995 -41.9991
72.578 -159.244 -41.9991
72.2342 -156.493 -41.9991
71.9046 -153.741 -41.9991
71.5927 -150.988 -41.9991
71.3023 -148.231 -41.9991
71.0369 -145.47 -41.9991
70.8003 -142.704 -41.9991
70.5961 -139.932 -41.9991
70.4279 -137.152 -41.9991
70.2995 -134.363 -41.9991
70.2144 -131.564 -41.9991
70.1764 -128.753 -41.9991
70.1862 -126.15 -41.9991
70.2429 -123.538 -41.9991
70.3503 -120.923 -41.9991
70.5125 -118.307 -41.9991
70.7332 -115.693 -41.9991
71.0164 -113.083 -41.9991
71.366 -110.482 -41.9991
71.786 -107.892 -41.9991
72.2803 -105.316 -41.9991
72.8527 -102.758 -41.9991
73.5073 -100.22 -41.9991
74.2478 -97.705 -41.9991
75.0782 -95.2166 -41.9991
76.0026 -92.7577 -41.9991
77.0246 -90.3314 -41.9991
78.1484 -87.9407 -41.9991
79.0765 -86.1477 -41.9991
80.075 -84.3971 -41.9991
81.1537 -82.7084 -41.9991
82.3224 -81.101 -41.9991
83.5908 -79.5944 -41.9991
84.9688 -78.2081 -41.9991
86.6541 -76.8106 -41.9991
88.4695 -75.5723 -41.9991
90.3958 -74.4753 -41.9991
92.4136 -73.5016 -41.9991
94.5035 -72.6332 -41.9991
96.6463 -71.8523 -41.9991
98.8226 -71.1409 -41.9991
101.013 -70.4811 -41.9991
103.217 -69.8554 -41.9991
105.418 -69.2754 -41.9991
107.617 -68.7522 -41.9991
109.818 -68.2972 -41.9991
112.022 -67.9214 -41.9991
114.232 -67.6363 -41.9991
116.451 -67.4529 -41.9991
118.681 -67.3826 -41.9991
120.901 -67.4334 -41.9991
123.125 -67.6042 -41.9991
125.344 -67.8933 -41.9991
127.549 -68.2987 -41.9991
129.733 -68.8184 -41.9991
131.887 -69.4507 -41.9991
134.002 -70.1935 -41.9991
136.069 -71.045 -41.9991
138.224 -72.075 -41.9991
140.315 -73.2203 -41.9991
142.343 -74.4736 -41.9991
144.309 -75.8276 -41.9991
146.213 -77.2752 -41.9991
148.058 -78.8091 -41.9991
149.844 -80.4221 -41.9991
151.571 -82.1069 -41.9991
153.242 -83.8564 -41.9991
154.856 -85.6634 -41.9991
156.414 -87.5211 -41.9991
157.911 -89.4266 -41.9991
159.341 -91.3777 -41.9991
160.698 -93.3723 -41.9991
161.977 -95.4084 -41.9991
163.172 -97.4837 -41.9991
164.277 -99.5963 -41.9991
165.288 -101.744 -41.9991
166.197 -103.925 -41.9991
167 -106.137 -41.9991
167.694 -108.379 -41.9991
168.283 -110.648 -41.9991
168.776 -112.945 -41.9991
169.181 -115.269 -41.9991
169.506 -117.619 -41.9991
169.761 -119.994 -41.9991
169.952 -122.394 -41.9991
170.089 -124.818 -41.9991
170.18 -127.266 -41.9991
170.233 -129.737 -41.9991
170.252 -132.334 -41.9991
170.226 -134.942 -41.9991
170.141 -137.55 -41.9991
169.984 -140.145 -41.9991
169.743 -142.716 -41.9991
169.403 -145.249 -41.9991
168.953 -147.733 -41.9991
168.378 -150.155 -41.9991
167.666 -152.504 -41.9991
166.804 -154.766 -41.9991
165.778 -156.93 -41.9991
164.576 -158.984 -41.9991
163.278 -160.807 -41.9991
161.832 -162.534 -41.9991
160.257 -164.178 -41.9991
158.572 -165.752 -41.9991
156.796 -167.27 -41.9991
154.948 -168.745 -41.9991
153.047 -170.189 -41.9991
151.113 -171.617 -41.9991
149.164 -173.04 -41.9991
147.22 -174.472 -41.9991
145.299 -175.926 -41.9991
143.217 -177.576 -41.9991
141.187 -179.268 -41.9991
139.209 -181.002 -41.9991
137.282 -182.777 -41.9991
135.405 -184.592 -41.9991
133.578 -186.446 -41.9991
131.8 -188.34 -41.9991
130.071 -190.271 -41.9991
128.389 -192.241 -41.9991
126.755 -194.248 -41.9991
125.168 -196.291 -41.9991
123.626 -198.371 -41.9991
122.13 -200.485 -41.9991
120.679 -202.634 -41.9991
119.273 -204.817 -41.9991
117.909 -207.034 -41.9991
116.589 -209.284 -41.9991
115.312 -211.565 -41.9991
114.076 -213.878 -41.9991
112.881 -216.223 -41.9991
111.651 -218.754 -41.9991
110.462 -221.315 -41.9991
109.307 -223.9 -41.9991
108.18 -226.505 -41.9991
107.076 -229.126 -41.9991
105.988 -231.756 -41.9991
104.911 -234.392 -41.9991
103.838 -237.028 -41.9991
102.763 -239.661 -41.9991
101.681 -242.284 -41.9991
100.585 -244.893 -41.9991
99.4702 -247.483 -41.9991
98.3297 -250.05 -41.9991
97.1576 -252.589 -41.9991
95.9482 -255.094 -41.9991
94.6953 -257.561 -41.9991
93.393 -259.986 -41.9991
92.0353 -262.362 -41.9991
90.6163 -264.687 -41.9991
89.1299 -266.953 -41.9991
87.5701 -269.158 -41.9991
85.9311 -271.296 -41.9991
84.2067 -273.362 -41.9991
82.391 -275.351 -41.9991
80.4781 -277.259 -41.9991
78.4619 -279.081 -41.9991
76.6563 -280.563 -41.9991
74.7744 -281.969 -41.9991
72.8191 -283.291 -41.9991
70.7932 -284.519 -41.9991
68.6997 -285.643 -41.9991
66.5413 -286.655 -41.9991
64.321 -287.546 -41.9991
62.0415 -288.305 -41.9991
59.7057 -288.923 -41.9991
57.3164 -289.392 -41.9991
55.0434 -289.686 -41.9991
52.7513 -289.827 -41.9991
50.4646 -289.799 -41.9991
48.2074 -289.589 -41.9991
46.004 -289.18 -41.9991
43.8789 -288.558 -41.9991
41.8562 -287.708 -41.9991
39.9602 -286.616 -41.9991
39.1504 -286.036 -41.9991
38.3811 -285.401 -41.9991
37.6613 -284.706 -41.9991
