216
-112.936 -186.695 41.9991
-113.573 -184.538 41.9991
-114.242 -182.385 41.9991
-114.944 -180.239 41.9991
-115.682 -178.105 41.9991
-116.461 -175.984 41.9991
-117.282 -173.881 41.9991
-118.148 -171.798 41.9991
-119.064 -169.738 41.9991
-120.031 -167.706 41.9991
-121.053 -165.703 41.9991
-122.132 -163.734 41.9991
-123.272 -161.801 41.9991
-124.659 -159.628 41.9991
-126.12 -157.503 41.9991
-127.646 -155.418 41.9991
-129.228 -153.369 41.9991
-130.857 -151.35 41.9991
-132.523 -149.355 41.9991
-134.217 -147.377 41.9991
-135.929 -145.411 41.9991
-137.65 -143.451 41.9991
-139.371 -141.491 41.9991
-141.083 -139.526 41.9991
-142.776 -137.549 41.9991
-144.44 -135.554 41.9991
-146.067 -133.537 41.9991
-147.646 -131.49 41.9991
-149.169 -129.408 41.9991
-150.627 -127.285 41.9991
-152.009 -125.115 41.9991
-153.307 -122.893 41.9991
-154.511 -120.612 41.9991
-155.612 -118.266 41.9991
-156.6 -115.85 41.9991
-157.378 -113.634 41.9991
-158.041 -111.37 41.9991
-158.573 -109.069 41.9991
-158.957 -106.745 41.9991
-159.176 -104.408 41.9991
-159.212 -102.072 41.9991
-159.048 -99.7478 41.9991
-158.668 -97.4479 41.9991
-158.053 -95.1843 41.9991
-157.257 -93.1128 41.9991
-156.258 -91.1096 41.9991
-155.075 -89.2004 41.9991
-153.726 -87.4108 41.9991
-152.226 -85.7664 41.9991
-150.595 -84.2927 41.9991
-148.849 -83.0154 41.9991
-147.007 -81.9599 41.9991
-144.95 -81.098 41.9991
-142.814 -80.498 41.9991
-140.61 -80.1391 41.9991
-138.349 -80.0005 41.9991
-136.043 -80.0613 41.9991
-133.702 -80.3006 41.9991
-131.337 -80.6977 41.9991
-128.96 -81.2317 41.9991
-126.581 -81.8817 41.9991
-124.212 -82.627 41.9991
-121.864 -83.4466 41.9991
-119.547 -84.3198 41.9991
-117.274 -85.2257 41.9991
-115.352 -86.0217 41.9991
-113.47 -86.8317 41.9991
-111.626 -87.6611 41.9991
-109.82 -88.5149 41.9991
-108.052 -89.3984 41.9991
-106.319 -90.3169 41.9991
-104.621 -91.2754 41.9991
-102.958 -92.2792 41.9991
-101.327 -93.3336 41.9991
-99.405 -94.6768 41.9991
-97.5287 -96.0966 41.9991
-95.6973 -97.5888 41.9991
-93.9096 -99.149 41.9991
-92.1643 -100.773 41.9991
-90.4602 -102.457 41.9991
-88.7961 -104.195 41.9991
-87.1707 -105.985 41.9991
-85.5829 -107.822 41.9991
-84.0315 -109.701 41.9991
-82.5152 -111.618 41.9991
-81.0328 -113.569 41.9991
-79.5831 -115.55 41.9991
-78.1648 -117.556 41.9991
-76.7768 -119.583 41.9991
-75.4749 -121.543 41.9991
-74.205 -123.518 41.9991
-72.9723 -125.51 41.9991
-71.7818 -127.519 41.9991
-70.6386 -129.546 41.9991
-69.5478 -131.592 41.9991
-68.5146 -133.656 41.9991
-67.5439 -135.74 41.9991
-66.641 -137.844 41.9991
-65.8109 -139.968 41.9991
-65.0588 -142.115 41.9991
-64.3896 -144.283 41.9991
-63.8086 -146.474 41.9991
-63.3178 -148.692 41.9991
-62.9135 -150.932 41.9991
-62.5884 -153.19 41.9991
-62.3351 -155.465 41.9991
-62.1464 -157.755 41.9991
-62.0148 -160.057 41.9991
-61.9332 -162.37 41.9991
-61.8941 -164.69 41.9991
-61.8903 -167.017 41.9991
-61.9144 -169.348 41.9991
-61.9591 -171.681 41.9991
-62.0171 -174.014 41.9991
-62.0811 -176.344 41.9991
-62.157 -179.104 41.9991
-62.2324 -181.857 41.9991
-62.3086 -184.604 41.9991
-62.3869 -187.346 41.9991
-62.4689 -190.082 41.9991
-62.5557 -192.814 41.9991
-62.6488 -195.541 41.9991
-62.7494 -198.264 41.9991
-62.859 -200.984 41.9991
-62.979 -203.699 41.9991
-63.1105 -206.412 41.9991
-63.2551 -209.121 41.9991
-63.414 -211.828 41.9991
-63.5886 -214.533 41.9991
-63.7803 -217.236 41.9991
-63.9904 -219.937 41.9991
-64.2203 -222.637 41.9991
-64.4713 -225.336 41.9991
-64.7447 -228.035 41.9991
-65.0419 -230.733 41.9991
-65.3644 -233.432 41.9991
-65.7133 -236.131 41.9991
-66.0901 -238.83 41.9991
-66.4962 -241.531 41.9991
-66.9328 -244.233 41.9991
-67.4013 -246.937 41.9991
-67.9031 -249.643 41.9991
-68.4396 -252.351 41.9991
-69.012 -255.062 41.9991
-69.6218 -257.776 41.9991
-70.2702 -260.494 41.9991
-70.9587 -263.215 41.9991
-71.6886 -265.941 41.9991
-72.3157 -268.154 41.9991
-72.99 -270.35 41.9991
-73.7311 -272.509 41.9991
-74.5585 -274.611 41.9991
-75.4917 -276.636 41.9991
-76.5502 -278.564 41.9991
-77.7534 -280.376 41.9991
-79.121 -282.051 41.9991
-80.5912 -283.506 41.9991
-82.2124 -284.819 41.9991
-83.9694 -285.991 41.9991
-85.8465 -287.024 41.9991
-87.8285 -287.917 41.9991
-89.8998 -288.671 41.9991
-92.0452 -289.288 41.9991
-93.5845 -289.635 41.9991
-95.1307 -289.885 41.9991
-96.6626 -290.01 41.9991
-98.159 -289.98 41.9991
-99.5986 -289.766 41.9991
-100.96 -289.339 41.9991
-102.552 -288.463 41.9991
-103.981 -287.26 41.9991
-105.247 -285.797 41.9991
-106.347 -284.137 41.9991
-107.282 -282.346 41.9991
-108.05 -280.489 41.9991
-108.807 -278.039 41.9991
-109.298 -275.589 41.9991
-109.55 -273.137 41.9991
-109.587 -270.684 41.9991
-109.434 -268.232 41.9991
-109.116 -265.778 41.9991
-108.657 -263.325 41.9991
-108.082 -260.872 41.9991
-107.417 -258.419 41.9991
-106.686 -255.966 41.9991
-105.914 -253.514 41.9991
-105.125 -251.062 41.9991
-104.346 -248.612 41.9991
-103.6 -246.162 41.9991
-102.913 -243.714 41.9991
-102.309 -241.267 41.9991
-101.813 -238.821 41.9991
-101.45 -236.377 41.9991
-101.236 -233.888 41.9991
-101.174 -231.402 41.9991
-101.253 -228.918 41.9991
-101.46 -226.436 41.9991
-101.785 -223.957 41.9991
-102.215 -221.481 41.9991
-102.739 -219.008 41.9991
-103.345 -216.538 41.9991
-104.022 -214.07 41.9991
-104.757 -211.606 41.9991
-105.54 -209.145 41.9991
-106.358 -206.688 41.9991
-107.201 -204.233 41.9991
-108.055 -201.782 41.9991
-108.911 -199.335 41.9991
-109.755 -196.891 41.9991
-110.576 -194.451 41.9991
-111.364 -192.015 41.9991
-112.105 -189.582 41.9991
-112.315 -188.86 41.9991
-112.522 -188.138 41.9991
-112.728 -187.417 41.9991
-112.936 -186.695 41.9991
