28
-236.993 -46.2782 0
-264.026 -33.4774 0
-316.239 -30.6268 0
-334.758 3.56125 0
-309.504 47.8624 0
-294.934 66.7411 0
-274.141 78.3168 0
-250.396 80.926 0
-226.692 77.4481 0
-151.599 40.5777 0
-98.6006 31.253 0
25.641 43.4473 0
85.4701 49.1453 0
159.544 44.8718 0
188.034 39.1738 0
216.524 22.0798 0
228.671 6.0336 0
227.92 -32.0513 0
230.523 -59.5924 0
222.938 -82.2918 0
209.472 -102.046 0
185.611 -120.01 0
134.217 -135.648 0
8.70189 -146.307 0
-57.0305 -142.027 0
-126.06 -122.054 0
-168.451 -99.7271 0
-234.45 -47.87 0
