310
174.268 15.4935 0
173.292 17.2691 0
172.841 19.2695 0
172.86 21.4244 0
173.293 23.6633 0
174.086 25.9159 0
175.181 28.1116 0
176.526 30.1803 0
178.063 32.0513 0
179.894 33.8035 0
181.847 35.2962 0
183.881 36.5875 0
185.956 37.7357 0
188.029 38.7989 0
190.061 39.8353 0
192.009 40.9033 0
193.832 42.0611 0
195.49 43.3667 0
197.028 44.9551 0
198.354 46.7507 0
199.489 48.7316 0
200.45 50.876 0
201.258 53.1622 0
201.931 55.5682 0
202.487 58.0723 0
202.947 60.6527 0
203.33 63.2874 0
203.653 65.9547 0
203.937 68.6328 0
204.2 71.2998 0
204.481 74.172 0
204.757 77.0067 0
205.022 79.8061 0
205.274 82.5724 0
205.508 85.3081 0
205.72 88.0153 0
205.907 90.6962 0
206.064 93.3533 0
206.188 95.9887 0
206.274 98.6047 0
206.319 101.204 0
206.319 103.788 0
206.268 106.359 0
206.165 108.92 0
206.004 111.473 0
205.782 114.021 0
205.495 116.564 0
205.138 119.107 0
204.693 121.744 0
204.175 124.381 0
203.593 127.02 0
202.952 129.66 0
202.259 132.301 0
201.521 134.944 0
200.745 137.59 0
199.938 140.238 0
199.106 142.888 0
198.257 145.541 0
197.396 148.197 0
196.531 150.857 0
195.668 153.52 0
194.815 156.186 0
193.978 158.857 0
193.163 161.533 0
192.378 164.213 0
191.629 166.897 0
190.924 169.587 0
190.268 172.282 0
189.669 174.983 0
189.133 177.69 0
188.668 180.402 0
188.279 183.122 0
187.974 185.847 0
187.76 188.58 0
187.648 191.059 0
187.611 193.542 0
187.646 196.028 0
187.748 198.517 0
187.913 201.006 0
188.137 203.495 0
188.416 205.984 0
188.746 208.47 0
189.123 210.953 0
189.543 213.431 0
190.002 215.905 0
190.495 218.372 0
191.019 220.826 0
191.577 223.27 0
192.173 225.702 0
192.81 228.12 0
193.493 230.522 0
194.225 232.906 0
195.01 235.27 0
195.852 237.612 0
196.755 239.931 0
197.722 242.223 0
198.757 244.488 0
199.865 246.723 0
201.045 248.919 0
202.298 251.08 0
203.623 253.202 0
205.019 255.28 0
206.484 257.312 0
208.016 259.293 0
209.615 261.22 0
211.278 263.089 0
213.004 264.897 0
214.792 266.639 0
216.64 268.313 0
218.546 269.914 0
220.432 271.383 0
222.366 272.784 0
224.347 274.119 0
226.369 275.391 0
228.431 276.603 0
230.528 277.757 0
232.657 278.856 0
234.816 279.903 0
237 280.9 0
239.206 281.849 0
241.646 282.838 0
244.106 283.773 0
246.587 284.653 0
249.085 285.479 0
251.601 286.249 0
254.133 286.964 0
256.679 287.623 0
259.238 288.226 0
261.809 288.773 0
264.39 289.263 0
266.981 289.696 0
269.579 290.071 0
272.183 290.388 0
274.793 290.647 0
277.406 290.848 0
280.022 290.989 0
282.488 291.067 0
284.954 291.083 0
287.416 291.028 0
289.874 290.893 0
292.325 290.669 0
294.767 290.346 0
297.199 289.914 0
299.618 289.366 0
302.024 288.691 0
304.413 287.881 0
306.785 286.925 0
309.137 285.816 0
311.345 284.614 0
313.497 283.27 0
315.558 281.79 0
317.491 280.18 0
319.262 278.445 0
320.833 276.591 0
322.169 274.622 0
323.235 272.545 0
323.994 270.365 0
324.41 268.087 0
324.476 266.19 0
324.309 264.271 0
323.919 262.369 0
323.319 260.521 0
322.521 258.765 0
321.536 257.139 0
320.153 255.428 0
318.556 253.933 0
316.771 252.636 0
314.826 251.519 0
312.748 250.563 0
310.566 249.751 0
308.306 249.064 0
305.996 248.484 0
303.251 247.917 0
300.485 247.451 0
297.709 247.063 0
294.933 246.73 0
292.167 246.43 0
289.421 246.139 0
286.707 245.835 0
284.034 245.496 0
281.412 245.097 0
278.852 244.616 0
276.364 244.031 0
273.959 243.319 0
271.646 242.456 0
269.436 241.421 0
267.339 240.189 0
265.366 238.739 0
263.73 237.26 0
262.201 235.612 0
260.78 233.813 0
259.469 231.883 0
258.27 229.84 0
257.184 227.704 0
256.213 225.493 0
255.359 223.226 0
254.623 220.923 0
254.008 218.602 0
253.479 216.104 0
253.08 213.609 0
252.797 211.117 0
252.62 208.626 0
252.536 206.138 0
252.534 203.651 0
252.6 201.166 0
252.724 198.683 0
252.894 196.201 0
253.096 193.721 0
253.32 191.241 0
253.553 188.763 0
253.812 186.014 0
254.067 183.266 0
254.321 180.52 0
254.572 177.775 0
254.822 175.031 0
255.07 172.288 0
255.316 169.546 0
255.562 166.804 0
255.807 164.063 0
256.052 161.321 0
256.296 158.58 0
256.541 155.839 0
256.786 153.097 0
257.031 150.355 0
257.278 147.612 0
257.525 144.869 0
257.774 142.124 0
258.025 139.379 0
258.278 136.632 0
258.532 133.883 0
258.79 131.133 0
259.05 128.382 0
259.313 125.628 0
259.58 122.872 0
259.85 120.114 0
260.123 117.353 0
260.401 114.59 0
260.684 111.823 0
260.952 109.231 0
261.219 106.638 0
261.48 104.044 0
261.731 101.449 0
261.967 98.8546 0
262.182 96.2611 0
262.371 93.6692 0
262.53 91.0795 0
262.654 88.4925 0
262.737 85.9089 0
262.775 83.3293 0
262.762 80.7543 0
262.694 78.1845 0
262.566 75.6206 0
262.372 73.0632 0
262.108 70.5128 0
261.79 68.1042 0
261.409 65.7026 0
260.969 63.308 0
260.474 60.92 0
259.927 58.5384 0
259.332 56.1629 0
258.694 53.7932 0
258.016 51.429 0
257.302 49.0702 0
256.557 46.7164 0
255.783 44.3673 0
254.986 42.0228 0
254.264 39.9622 0
253.519 37.9116 0
252.739 35.8776 0
251.916 33.8665 0
251.041 31.8848 0
250.103 29.9388 0
249.094 28.035 0
248.004 26.1797 0
246.824 24.3794 0
245.545 22.6405 0
244.014 20.8046 0
242.362 19.0578 0
240.601 17.4067 0
238.739 15.8579 0
236.789 14.4178 0
234.759 13.0932 0
232.662 11.8905 0
230.507 10.8165 0
228.304 9.87753 0
226.066 9.08033 0
223.698 8.40268 0
221.305 7.8738 0
218.887 7.48062 0
216.448 7.21007 0
213.987 7.04908 0
211.508 6.98459 0
209.012 7.00354 0
206.501 7.09285 0
203.976 7.23947 0
201.44 7.43032 0
198.894 7.65233 0
196.34 7.89246 0
193.974 8.12559 0
191.615 8.39032 0
189.279 8.71429 0
186.977 9.12515 0
184.724 9.65054 0
182.532 10.3181 0
180.414 11.1555 0
178.384 12.1904 0
176.455 13.4504 0
175.657 14.0759 0
174.916 14.7549 0
174.268 15.4935 0
