33 31
0 -303.341 -5.91307 0 27.2884 0
1 -247.778 22.0244 0 57.8894 0
2 -120.341 -40.9131 0 74.0916 0
3 -14.3409 -53.9131 0 91.6285 0
4 142.659 -40.9131 0 88.7182 0
5 191.659 -7.91307 0 38.3841 0
6 108.709 -104.222 41.9991 33.9127 1
7 119.709 -133.222 41.9991 50.2862 1
8 90.7092 -228.222 41.9991 15.2322 1
9 78.7092 -253.222 41.9991 15.0143 1
10 48.7092 -271.222 41.9991 14.2198 1
11 108.709 -104.222 -41.9991 33.9127 2
12 119.709 -133.222 -41.9991 50.2862 2
13 90.7092 -228.222 -41.9991 15.2322 2
14 78.7092 -253.222 -41.9991 15.0143 2
15 48.7092 -271.222 -41.9991 14.2198 2
16 -97.5219 -279.977 41.9991 9.95554 3
17 -83.5219 -226.977 41.9991 17.9123 3
18 -95.5219 -151.477 41.9991 30.4224 3
19 -137.522 -101.977 41.9991 21.417 3
20 -97.5219 -279.977 -41.9991 9.95554 4
21 -83.5219 -226.977 -41.9991 17.9123 4
22 -95.5219 -151.477 -41.9991 30.4224 4
23 -137.522 -101.977 -41.9991 21.417 4
24 308.965 265.427 0 15.3819 5
25 250.465 259.927 0 24.498 5
26 225.965 226.927 0 30.4176 5
27 221.965 191.427 0 34.1473 5
28 232.965 119.427 0 27.5395 5
29 230.965 65.4266 0 27.1729 5
30 223.965 39.6766 0 26.3975 5
31 191.965 24.4266 0 15.1866 5
32 103.734 -44.1362 0 89.4398 0
0 1
1 2
2 3
32 4
4 5
6 7
7 8
8 9
9 10
11 12
12 13
13 14
14 15
16 17
17 18
18 19
20 21
21 22
22 23
24 25
25 26
26 27
27 28
28 29
29 30
30 31
3 32
32 6
32 11
2 19
5 31
