137
9.24958 -0.832441 0
10.0516 -2.16336 0
11.0117 -3.44869 0
12.1084 -4.69278 0
13.3203 -5.90001 0
14.6259 -7.07475 0
16.0036 -8.22136 0
17.4321 -9.34422 0
18.8897 -10.4477 0
20.3552 -11.5361 0
21.807 -12.6139 0
23.2235 -13.6855 0
24.5834 -14.7551 0
25.8652 -15.8271 0
27.0473 -16.906 0
28.1084 -17.9961 0
29.0268 -19.1017 0
29.7813 -20.2273 0
30.3502 -21.3771 0
30.7121 -22.5556 0
30.8455 -23.7672 0
30.729 -25.0162 0
30.341 -26.3069 0
29.9551 -27.1315 0
29.4707 -27.9486 0
28.9035 -28.7333 0
28.2691 -29.4603 0
27.5832 -30.1046 0
26.4965 -30.8709 0
25.3382 -31.4159 0
24.1156 -31.7565 0
22.836 -31.9096 0
21.5067 -31.8921 0
20.135 -31.7209 0
18.7282 -31.4128 0
17.2936 -30.9848 0
15.8384 -30.4536 0
14.37 -29.8361 0
12.8957 -29.1493 0
11.4227 -28.41 0
9.95827 -27.6351 0
8.5098 -26.8415 0
7.08455 -26.0459 0
5.57963 -25.2009 0
4.10939 -24.3702 0
2.67294 -23.5512 0
1.26941 -22.741 0
-0.1021 -21.9366 0
-1.44246 -21.1354 0
-2.75257 -20.3344 0
-4.03329 -19.5308 0
-5.28553 -18.7218 0
-6.51016 -17.9046 0
-7.70807 -17.0762 0
-8.88013 -16.2338 0
-10.0272 -15.3747 0
-11.1503 -14.496 0
-12.2501 -13.5947 0
-13.3277 -12.6682 0
-14.3838 -11.7135 0
-15.4194 -10.7279 0
-16.4354 -9.70842 0
-17.4325 -8.65227 0
-18.3399 -7.63879 0
-19.2284 -6.59207 0
-20.0945 -5.51288 0
-20.9344 -4.40198 0
-21.7448 -3.26014 0
-22.5219 -2.08812 0
-23.2623 -0.886678 0
-23.9623 0.343414 0
-24.6184 1.60139 0
-25.227 2.8865 0
-25.7846 4.19797 0
-26.2875 5.53503 0
-26.7322 6.89693 0
-27.1152 8.2829 0
-27.4328 9.69218 0
-27.6727 11.0647 0
-27.8454 12.4506 0
-27.947 13.8424 0
-27.9735 15.2327 0
-27.9212 16.6141 0
-27.786 17.979 0
-27.5643 19.3201 0
-27.252 20.6299 0
-26.8454 21.9009 0
-26.3404 23.1258 0
-25.7334 24.297 0
-25.0184 25.4136 0
-24.204 26.467 0
-23.298 27.4554 0
-22.3079 28.3771 0
-21.2413 29.2305 0
-20.1059 30.014 0
-18.9092 30.7258 0
-17.6589 31.3644 0
-16.3627 31.9279 0
-15.0281 32.4148 0
-13.6627 32.8235 0
-12.3106 33.1439 0
-10.9468 33.3815 0
-9.58097 33.5295 0
-8.22317 33.581 0
-6.88328 33.5288 0
-5.5712 33.3662 0
-4.29686 33.0862 0
-3.07015 32.6818 0
-1.901 32.1461 0
-0.799388 31.4767 0
0.232334 30.6835 -0
1.19184 29.7805 -0
2.07682 28.7818 -0
2.88495 27.7013 -0
3.61391 26.5529 -0
4.26137 25.3507 -0
4.82502 24.1087 -0
5.30254 22.8407 -0
5.71935 21.4637 -0
6.04697 20.0754 -0
6.29845 18.6778 -0
6.48683 17.2733 -0
6.62516 15.8638 -0
6.72649 14.4515 -0
6.80387 13.0386 -0
6.87035 11.6271 -0
6.93898 10.2192 -0
7.0228 8.81708 -0
7.13485 7.42279 -0
7.2882 6.0385 -0
7.49589 4.66633 -0
7.77096 3.30841 -0
8.12647 1.96687 -0
8.35548 1.25441 -0
8.61592 0.549298 -0
8.91241 -0.14686 0
9.24958 -0.832441 0
